

 Discriminant = 60 	 PrimeFacto=[2, 2; 3, 1; 5, 1]

 Matrix of Linking
[6, 3]
[3, 4]
Char Poly 
 x^2 - 10*x + 15
Symmetric of Signature 
 [2, 0]

 Matrix of (half)Intersections
[7, 5]
[5, 7]
Char Poly 
 x^2 - 14*x + 24
Symmetric of Signature 
 [2, 0]

 Matrix of Cosigns
[5, 1]
[1, 1]
Char Poly 
 x^2 - 6*x + 4
Symmetric of Signature 
 [2, 0]

 Matrix of Cos(A,B) - 2 Rad(A)Rad(B)
[-45, -9]
[-9, -1]
Char Poly 
 x^2 + 46*x - 36
Symmetric of Signature 
 [1, 1]


 Discriminant = 40 	 PrimeFacto=[2, 3; 5, 1]

 Matrix of Linking
[11, 8]
[8, 13]
Char Poly 
 x^2 - 24*x + 79
Symmetric of Signature 
 [2, 0]

 Matrix of (half)Intersections
[22, 16]
[16, 26]
Char Poly 
 x^2 - 48*x + 316
Symmetric of Signature 
 [2, 0]

 Matrix of Cosigns
[0, 0]
[0, 0]
Char Poly 
 x^2
Symmetric of Signature 
 [0, 0]

 Matrix of Cos(A,B) - 2 Rad(A)Rad(B)
[0, 0]
[0, 0]
Char Poly 
 x^2
Symmetric of Signature 
 [0, 0]


 Discriminant = 316 	 PrimeFacto=[2, 2; 79, 1]

 Matrix of Linking
[38, 16, 10]
[16, 22, 18]
[10, 18, 22]
Char Poly 
 x^3 - 82*x^2 + 1476*x - 4008
Symmetric of Signature 
 [3, 0]

 Matrix of (half)Intersections
[42, 26, 26]
[26, 40, 40]
[26, 40, 40]
Char Poly 
 x^3 - 122*x^2 + 2008*x
Symmetric of Signature 
 [2, 0]

 Matrix of Cosigns
[34, 6, -6]
[6, 4, -4]
[-6, -4, 4]
Char Poly 
 x^3 - 42*x^2 + 200*x
Symmetric of Signature 
 [2, 0]

 Matrix of Cos(A,B) - 2 Rad(A)Rad(B)
[-848, -120, 120]
[-120, -14, 14]
[120, 14, -14]
Char Poly 
 x^3 + 876*x^2 - 5056*x
Symmetric of Signature 
 [1, 1]


 Discriminant = 229 	 PrimeFacto=Mat([229, 1])

 Matrix of Linking
[29, 14, 14]
[14, 23, 24]
[14, 24, 23]
Char Poly 
 x^3 - 75*x^2 + 895*x + 971
Symmetric of Signature 
 [2, 1]

 Matrix of (half)Intersections
[58, 28, 28]
[28, 47, 47]
[28, 47, 47]
Char Poly 
 x^3 - 152*x^2 + 3884*x
Symmetric of Signature 
 [2, 0]

 Matrix of Cosigns
[0, 0, 0]
[0, -1, 1]
[0, 1, -1]
Char Poly 
 x^3 + 2*x^2
Symmetric of Signature 
 [0, 1]

 Matrix of Cos(A,B) - 2 Rad(A)Rad(B)
[0, 0, 0]
[0, -1, 1]
[0, 1, -1]
Char Poly 
 x^3 + 2*x^2
Symmetric of Signature 
 [0, 1]


 Discriminant = 876 	 PrimeFacto=[2, 2; 3, 1; 73, 1]

 Matrix of Linking
[38, 13, 4, 13]
[13, 20, 12, 21]
[4, 12, 38, 12]
[13, 21, 12, 20]
Char Poly 
 x^4 - 116*x^3 + 3801*x^2 - 33338*x - 37256
Symmetric of Signature 
 [3, 1]

 Matrix of (half)Intersections
[42, 25, 33, 25]
[25, 38, 26, 40]
[33, 26, 42, 26]
[25, 40, 26, 38]
Char Poly 
 x^4 - 160*x^3 + 4301*x^2 - 19916*x - 58332
Symmetric of Signature 
 [3, 1]

 Matrix of Cosigns
[34, 1, -25, 1]
[1, 2, -2, 2]
[-25, -2, 34, -2]
[1, 2, -2, 2]
Char Poly 
 x^4 - 72*x^3 + 793*x^2 - 1984*x
Symmetric of Signature 
 [3, 0]

 Matrix of Cos(A,B) - 2 Rad(A)Rad(B)
[-1648, -57, 1077, -57]
[-57, 0, 36, 0]
[1077, 36, -688, 36]
[-57, 0, 36, 0]
Char Poly 
 x^4 + 2336*x^3 - 35195*x^2 + 97776*x
Symmetric of Signature 
 [2, 1]


 Discriminant = 145 	 PrimeFacto=[5, 1; 29, 1]

 Matrix of Linking
[31, 24, 24, 24]
[24, 31, 28, 32]
[24, 28, 41, 28]
[24, 32, 28, 31]
Char Poly 
 x^4 - 134*x^3 + 2376*x^2 - 9946*x - 12457
Symmetric of Signature 
 [3, 1]

 Matrix of (half)Intersections
[62, 48, 48, 48]
[48, 63, 56, 63]
[48, 56, 82, 56]
[48, 63, 56, 63]
Char Poly 
 x^4 - 270*x^3 + 10044*x^2 - 99656*x
Symmetric of Signature 
 [3, 0]

 Matrix of Cosigns
[0, 0, 0, 0]
[0, -1, 0, 1]
[0, 0, 0, 0]
[0, 1, 0, -1]
Char Poly 
 x^4 + 2*x^3
Symmetric of Signature 
 [0, 1]

 Matrix of Cos(A,B) - 2 Rad(A)Rad(B)
[0, 0, 0, 0]
[0, -1, 0, 1]
[0, 0, 0, 0]
[0, 1, 0, -1]
Char Poly 
 x^4 + 2*x^3
Symmetric of Signature 
 [0, 1]


 Discriminant = 8088 	 PrimeFacto=[2, 3; 3, 1; 337, 1]

 Matrix of Linking
[173, 16, 8, 16]
[16, 49, 36, 51]
[8, 36, 91, 36]
[16, 51, 36, 49]
Char Poly 
 x^4 - 362*x^3 + 38247*x^2 - 1013374*x - 2182648
Symmetric of Signature 
 [3, 1]

 Matrix of (half)Intersections
[177, 44, 109, 44]
[44, 90, 60, 93]
[109, 60, 103, 60]
[44, 93, 60, 90]
Char Poly 
 x^4 - 460*x^3 + 45129*x^2 - 500320*x - 1919622
Symmetric of Signature 
 [3, 1]

 Matrix of Cosigns
[169, -12, -93, -12]
[-12, 8, 12, 9]
[-93, 12, 79, 12]
[-12, 9, 12, 8]
Char Poly 
 x^4 - 264*x^3 + 8077*x^2 - 53736*x - 62078
Symmetric of Signature 
 [3, 1]

 Matrix of Cos(A,B) - 2 Rad(A)Rad(B)
[-25823, 1356, 12219, 1356]
[1356, -64, -636, -63]
[12219, -636, -5753, -636]
[1356, -63, -636, -64]
Char Poly 
 x^4 + 31704*x^3 - 1188851*x^2 + 8608296*x + 9828850
Symmetric of Signature 
 [2, 2]


 Discriminant = 1756 	 PrimeFacto=[2, 2; 439, 1]

 Matrix of Linking
[98, 40, 28, 10, 10]
[40, 42, 38, 22, 19]
[28, 38, 42, 23, 22]
[10, 22, 23, 42, 38]
[10, 19, 22, 38, 42]
Char Poly 
 x^5 - 266*x^4 + 19718*x^3 - 435396*x^2 + 2290681*x - 3103378
Symmetric of Signature 
 [5, 0]

 Matrix of (half)Intersections
[102, 50, 38, 38, 50]
[50, 61, 60, 60, 61]
[38, 60, 65, 65, 60]
[38, 60, 65, 65, 60]
[50, 61, 60, 60, 61]
Char Poly 
 x^5 - 354*x^4 + 19276*x^3 - 58584*x^2
Symmetric of Signature 
 [3, 0]

 Matrix of Cosigns
[94, 30, 18, -18, -30]
[30, 23, 16, -16, -23]
[18, 16, 19, -19, -16]
[-18, -16, -19, 19, 16]
[-30, -23, -16, 16, 23]
Char Poly 
 x^5 - 178*x^4 + 6172*x^3 - 38968*x^2
Symmetric of Signature 
 [3, 0]

 Matrix of Cos(A,B) - 2 Rad(A)Rad(B)
[-6404, -1680, -1008, 1008, 1680]
[-1680, -427, -254, 254, 427]
[-1008, -254, -143, 143, 254]
[1008, 254, 143, -143, -254]
[1680, 427, 254, -254, -427]
Char Poly 
 x^5 + 7544*x^4 - 390188*x^3 + 2716688*x^2
Symmetric of Signature 
 [2, 1]


 Discriminant = 401 	 PrimeFacto=Mat([401, 1])

 Matrix of Linking
[47, 28, 32, 32, 28]
[28, 45, 34, 34, 46]
[32, 34, 39, 40, 34]
[32, 34, 40, 39, 34]
[28, 46, 34, 34, 45]
Char Poly 
 x^5 - 215*x^4 + 6506*x^3 - 40366*x^2 - 101115*x - 54027
Symmetric of Signature 
 [3, 2]

 Matrix of (half)Intersections
[94, 56, 64, 64, 56]
[56, 91, 68, 68, 91]
[64, 68, 79, 79, 68]
[64, 68, 79, 79, 68]
[56, 91, 68, 68, 91]
Char Poly 
 x^5 - 434*x^4 + 27756*x^3 - 432216*x^2
Symmetric of Signature 
 [3, 0]

 Matrix of Cosigns
[0, 0, 0, 0, 0]
[0, -1, 0, 0, 1]
[0, 0, -1, 1, 0]
[0, 0, 1, -1, 0]
[0, 1, 0, 0, -1]
Char Poly 
 x^5 + 4*x^4 + 4*x^3
Symmetric of Signature 
 [0, 2]

 Matrix of Cos(A,B) - 2 Rad(A)Rad(B)
[0, 0, 0, 0, 0]
[0, -1, 0, 0, 1]
[0, 0, -1, 1, 0]
[0, 0, 1, -1, 0]
[0, 1, 0, 0, -1]
Char Poly 
 x^5 + 4*x^4 + 4*x^3
Symmetric of Signature 
 [0, 2]


 Discriminant = 1708 	 PrimeFacto=[2, 2; 7, 1; 61, 1]

 Matrix of Linking
[44, 9, 8, 27, 8, 9]
[9, 18, 16, 10, 16, 20]
[8, 16, 20, 10, 21, 16]
[27, 10, 10, 32, 10, 10]
[8, 16, 21, 10, 20, 16]
[9, 20, 16, 10, 16, 18]
Char Poly 
 x^6 - 152*x^5 + 6064*x^4 - 61144*x^3 + 68835*x^2 + 730248*x + 594052
Symmetric of Signature 
 [4, 2]

 Matrix of (half)Intersections
[48, 21, 25, 31, 25, 21]
[21, 33, 29, 25, 30, 37]
[25, 29, 31, 30, 33, 30]
[31, 25, 30, 36, 30, 25]
[25, 30, 33, 30, 31, 29]
[21, 37, 30, 25, 29, 33]
Char Poly 
 x^6 - 212*x^5 + 6539*x^4 - 27080*x^3 - 233259*x^2 + 376392*x + 1031975
Symmetric of Signature 
 [4, 2]

 Matrix of Cosigns
[40, -3, -9, 23, -9, -3]
[-3, 3, 3, -5, 2, 3]
[-9, 3, 9, -10, 9, 2]
[23, -5, -10, 28, -10, -5]
[-9, 2, 9, -10, 9, 3]
[-3, 3, 2, -5, 3, 3]
Char Poly 
 x^6 - 92*x^5 + 1875*x^4 - 12500*x^3 + 22929*x^2 + 12592*x - 24805
Symmetric of Signature 
 [5, 1]

 Matrix of Cos(A,B) - 2 Rad(A)Rad(B)
[-3002, 231, 693, -1615, 693, 231]
[231, -15, -51, 121, -52, -15]
[693, -51, -153, 368, -153, -52]
[-1615, 121, 368, -854, 368, 121]
[693, -52, -153, 368, -153, -51]
[231, -15, -52, 121, -51, -15]
Char Poly 
 x^6 + 4192*x^5 - 117681*x^4 + 892360*x^3 - 1757343*x^2 - 896552*x + 1875023
Symmetric of Signature 
 [4, 2]


 Discriminant = 1384 	 PrimeFacto=[2, 3; 173, 1]

 Matrix of Linking
[99, 60, 54, 66, 54, 60]
[60, 79, 66, 68, 66, 80]
[54, 66, 83, 66, 84, 66]
[66, 68, 66, 77, 66, 68]
[54, 66, 84, 66, 83, 66]
[60, 80, 66, 68, 66, 79]
Char Poly 
 x^6 - 500*x^5 + 37777*x^4 - 852272*x^3 + 4161331*x^2 + 11033092*x + 5981211
Symmetric of Signature 
 [4, 2]

 Matrix of (half)Intersections
[198, 120, 108, 132, 108, 120]
[120, 159, 132, 136, 132, 159]
[108, 132, 167, 132, 167, 132]
[132, 136, 132, 154, 132, 136]
[108, 132, 167, 132, 167, 132]
[120, 159, 132, 136, 132, 159]
Char Poly 
 x^6 - 1004*x^5 + 155120*x^4 - 7434640*x^3 + 95699376*x^2
Symmetric of Signature 
 [4, 0]

 Matrix of Cosigns
[0, 0, 0, 0, 0, 0]
[0, -1, 0, 0, 0, 1]
[0, 0, -1, 0, 1, 0]
[0, 0, 0, 0, 0, 0]
[0, 0, 1, 0, -1, 0]
[0, 1, 0, 0, 0, -1]
Char Poly 
 x^6 + 4*x^5 + 4*x^4
Symmetric of Signature 
 [0, 2]

 Matrix of Cos(A,B) - 2 Rad(A)Rad(B)
[0, 0, 0, 0, 0, 0]
[0, -1, 0, 0, 0, 1]
[0, 0, -1, 0, 1, 0]
[0, 0, 0, 0, 0, 0]
[0, 0, 1, 0, -1, 0]
[0, 1, 0, 0, 0, -1]
Char Poly 
 x^6 + 4*x^5 + 4*x^4
Symmetric of Signature 
 [0, 2]


 Discriminant = 4348 	 PrimeFacto=[2, 2; 1087, 1]

 Matrix of Linking
[158, 64, 22, 22, 16, 28, 10]
[64, 62, 32, 37, 31, 38, 19]
[22, 32, 42, 40, 40, 39, 38]
[22, 37, 40, 48, 44, 40, 31]
[16, 31, 40, 44, 48, 40, 37]
[28, 38, 39, 40, 40, 42, 32]
[10, 19, 38, 31, 37, 32, 62]
Char Poly 
 x^7 - 462*x^6 + 60310*x^5 - 2452512*x^4 + 36763645*x^3 - 223262778*x^2 + 558899436*x - 456687000
Symmetric of Signature 
 [7, 0]

 Matrix of (half)Intersections
[162, 74, 50, 38, 38, 50, 74]
[74, 81, 70, 68, 68, 70, 81]
[50, 70, 81, 80, 80, 81, 70]
[38, 68, 80, 92, 92, 80, 68]
[38, 68, 80, 92, 92, 80, 68]
[50, 70, 81, 80, 80, 81, 70]
[74, 81, 70, 68, 68, 70, 81]
Char Poly 
 x^7 - 670*x^6 + 85620*x^5 - 2124936*x^4 + 13337376*x^3
Symmetric of Signature 
 [4, 0]

 Matrix of Cosigns
[154, 54, -6, 6, -6, 6, -54]
[54, 43, -6, 6, -6, 6, -43]
[-6, -6, 3, 0, 0, -3, 6]
[6, 6, 0, 4, -4, 0, -6]
[-6, -6, 0, -4, 4, 0, 6]
[6, 6, -3, 0, 0, 3, -6]
[-54, -43, 6, -6, 6, -6, 43]
Char Poly 
 x^7 - 254*x^6 + 10388*x^5 - 86632*x^4 + 176352*x^3
Symmetric of Signature 
 [4, 0]

 Matrix of Cos(A,B) - 2 Rad(A)Rad(B)
[-17144, -4968, 552, -552, 552, -552, 4968]
[-4968, -1415, 156, -156, 156, -156, 1415]
[552, 156, -15, 18, -18, 15, -156]
[-552, -156, 18, -14, 14, -18, 156]
[552, 156, -18, 14, -14, 18, -156]
[-552, -156, 15, -18, 18, -15, 156]
[4968, 1415, -156, 156, -156, 156, -1415]
Char Poly 
 x^7 + 20032*x^6 - 1099996*x^5 + 9694064*x^4 - 20127360*x^3
Symmetric of Signature 
 [3, 1]


 Discriminant = 577 	 PrimeFacto=Mat([577, 1])

 Matrix of Linking
[55, 36, 32, 28, 28, 32, 36]
[36, 43, 40, 36, 36, 40, 44]
[32, 40, 47, 36, 36, 48, 40]
[28, 36, 36, 53, 54, 36, 36]
[28, 36, 36, 54, 53, 36, 36]
[32, 40, 48, 36, 36, 47, 40]
[36, 44, 40, 36, 36, 40, 43]
Char Poly 
 x^7 - 341*x^6 + 19629*x^5 - 338689*x^4 + 1000051*x^3 + 5233713*x^2 + 6012319*x + 2137317
Symmetric of Signature 
 [4, 3]

 Matrix of (half)Intersections
[110, 72, 64, 56, 56, 64, 72]
[72, 87, 80, 72, 72, 80, 87]
[64, 80, 95, 72, 72, 95, 80]
[56, 72, 72, 107, 107, 72, 72]
[56, 72, 72, 107, 107, 72, 72]
[64, 80, 95, 72, 72, 95, 80]
[72, 87, 80, 72, 72, 80, 87]
Char Poly 
 x^7 - 688*x^6 + 82632*x^5 - 3197056*x^4 + 34197072*x^3
Symmetric of Signature 
 [4, 0]

 Matrix of Cosigns
[0, 0, 0, 0, 0, 0, 0]
[0, -1, 0, 0, 0, 0, 1]
[0, 0, -1, 0, 0, 1, 0]
[0, 0, 0, -1, 1, 0, 0]
[0, 0, 0, 1, -1, 0, 0]
[0, 0, 1, 0, 0, -1, 0]
[0, 1, 0, 0, 0, 0, -1]
Char Poly 
 x^7 + 6*x^6 + 12*x^5 + 8*x^4
Symmetric of Signature 
 [0, 3]

 Matrix of Cos(A,B) - 2 Rad(A)Rad(B)
[0, 0, 0, 0, 0, 0, 0]
[0, -1, 0, 0, 0, 0, 1]
[0, 0, -1, 0, 0, 1, 0]
[0, 0, 0, -1, 1, 0, 0]
[0, 0, 0, 1, -1, 0, 0]
[0, 0, 1, 0, 0, -1, 0]
[0, 1, 0, 0, 0, 0, -1]
Char Poly 
 x^7 + 6*x^6 + 12*x^5 + 8*x^4
Symmetric of Signature 
 [0, 3]


 Discriminant = 780 	 PrimeFacto=[2, 2; 3, 1; 5, 1; 13, 1]

 Matrix of Linking
[26, 2, 2, 13]
[2, 14, 11, 4]
[2, 11, 12, 4]
[13, 4, 4, 14]
Char Poly 
 x^4 - 66*x^3 + 1242*x^2 - 6342*x + 8109
Symmetric of Signature 
 [4, 0]

 Matrix of (half)Intersections
[27, 9, 11, 15]
[9, 18, 15, 13]
[11, 15, 16, 15]
[15, 13, 15, 17]
Char Poly 
 x^4 - 78*x^3 + 1197*x^2 - 3708*x + 1990
Symmetric of Signature 
 [4, 0]

 Matrix of Cosigns
[25, -5, -7, 11]
[-5, 10, 7, -5]
[-7, 7, 8, -7]
[11, -5, -7, 11]
Char Poly 
 x^4 - 54*x^3 + 685*x^2 - 2452*x + 1974
Symmetric of Signature 
 [4, 0]

 Matrix of Cos(A,B) - 2 Rad(A)Rad(B)
[-1225, 245, 343, -539]
[245, -40, -63, 105]
[343, -63, -90, 147]
[-539, 105, 147, -231]
Char Poly 
 x^4 + 1586*x^3 - 28943*x^2 + 116200*x - 96726
Symmetric of Signature 
 [3, 1]


 Discriminant = 520 	 PrimeFacto=[2, 3; 5, 1; 13, 1]

 Matrix of Linking
[69, 50, 48, 54]
[50, 69, 58, 58]
[48, 58, 75, 60]
[54, 58, 60, 63]
Char Poly 
 x^4 - 276*x^3 + 10482*x^2 - 121092*x + 375813
Symmetric of Signature 
 [4, 0]

 Matrix of (half)Intersections
[138, 100, 96, 108]
[100, 138, 116, 116]
[96, 116, 150, 120]
[108, 116, 120, 126]
Char Poly 
 x^4 - 552*x^3 + 41928*x^2 - 968736*x + 6013008
Symmetric of Signature 
 [4, 0]

 Matrix of Cosigns
[0, 0, 0, 0]
[0, 0, 0, 0]
[0, 0, 0, 0]
[0, 0, 0, 0]
Char Poly 
 x^4
Symmetric of Signature 
 [0, 0]

 Matrix of Cos(A,B) - 2 Rad(A)Rad(B)
[0, 0, 0, 0]
[0, 0, 0, 0]
[0, 0, 0, 0]
[0, 0, 0, 0]
Char Poly 
 x^4
Symmetric of Signature 
 [0, 0]


 Discriminant = 1596 	 PrimeFacto=[2, 2; 3, 1; 7, 1; 19, 1]

 Matrix of Linking
[38, 19, 5, 8, 2, 2, 5, 8]
[19, 20, 7, 10, 4, 4, 7, 10]
[5, 7, 12, 10, 7, 8, 13, 10]
[8, 10, 10, 12, 6, 6, 10, 13]
[2, 4, 7, 6, 16, 13, 7, 6]
[2, 4, 8, 6, 13, 18, 8, 6]
[5, 7, 13, 10, 7, 8, 12, 10]
[8, 10, 10, 13, 6, 6, 10, 12]
Char Poly 
 x^8 - 140*x^7 + 6146*x^6 - 104578*x^5 + 710426*x^4 - 1552764*x^3 - 1465458*x^2 + 5129834*x + 4221237
Symmetric of Signature 
 [6, 2]

 Matrix of (half)Intersections
[39, 21, 9, 11, 15, 11, 9, 11]
[21, 23, 13, 15, 19, 15, 13, 15]
[9, 13, 23, 19, 16, 18, 25, 19]
[11, 15, 19, 19, 17, 19, 19, 21]
[15, 19, 16, 17, 20, 17, 16, 17]
[11, 15, 18, 19, 17, 22, 18, 19]
[9, 13, 25, 19, 16, 18, 23, 19]
[11, 15, 19, 21, 17, 19, 19, 19]
Char Poly 
 x^8 - 188*x^7 + 7491*x^6 - 79654*x^5 + 179112*x^4 + 690672*x^3 - 1729744*x^2 - 1579616*x + 3366656
Symmetric of Signature 
 [6, 2]

 Matrix of Cosigns
[37, 17, 1, 5, -11, -7, 1, 5]
[17, 17, 1, 5, -11, -7, 1, 5]
[1, 1, 1, 1, -2, -2, 1, 1]
[5, 5, 1, 5, -5, -7, 1, 5]
[-11, -11, -2, -5, 12, 9, -2, -5]
[-7, -7, -2, -7, 9, 14, -2, -7]
[1, 1, 1, 1, -2, -2, 1, 1]
[5, 5, 1, 5, -5, -7, 1, 5]
Char Poly 
 x^8 - 92*x^7 + 2199*x^6 - 18262*x^5 + 59948*x^4 - 78240*x^3 + 33600*x^2
Symmetric of Signature 
 [6, 0]

 Matrix of Cos(A,B) - 2 Rad(A)Rad(B)
[-2701, -1241, -73, -365, 803, 511, -73, -365]
[-1241, -561, -33, -165, 363, 231, -33, -165]
[-73, -33, -1, -9, 20, 12, -1, -9]
[-365, -165, -9, -45, 105, 63, -9, -45]
[803, 363, 20, 105, -230, -145, 20, 105]
[511, 231, 12, 63, -145, -84, 12, 63]
[-73, -33, -1, -9, 20, 12, -1, -9]
[-365, -165, -9, -45, 105, 63, -9, -45]
Char Poly 
 x^8 + 3668*x^7 - 129281*x^6 + 1220718*x^5 - 4223084*x^4 + 5644320*x^3 - 2452800*x^2
Symmetric of Signature 
 [5, 1]


 Discriminant = 1768 	 PrimeFacto=[2, 3; 13, 1; 17, 1]

 Matrix of Linking
[83, 44, 32, 24, 20, 16, 32, 24]
[44, 49, 38, 30, 26, 30, 38, 30]
[32, 38, 41, 34, 32, 32, 42, 34]
[24, 30, 34, 45, 40, 32, 34, 46]
[20, 26, 32, 40, 45, 46, 32, 40]
[16, 30, 32, 32, 46, 57, 32, 32]
[32, 38, 42, 34, 32, 32, 41, 34]
[24, 30, 34, 46, 40, 32, 34, 45]
Char Poly 
 x^8 - 406*x^7 + 39410*x^6 - 1324430*x^5 + 16107332*x^4 - 35524290*x^3 - 170198530*x^2 - 162533402*x - 45330741
Symmetric of Signature 
 [5, 3]

 Matrix of (half)Intersections
[166, 88, 64, 48, 40, 32, 64, 48]
[88, 98, 76, 60, 52, 60, 76, 60]
[64, 76, 83, 68, 64, 64, 83, 68]
[48, 60, 68, 91, 80, 64, 68, 91]
[40, 52, 64, 80, 90, 92, 64, 80]
[32, 60, 64, 64, 92, 114, 64, 64]
[64, 76, 83, 68, 64, 64, 83, 68]
[48, 60, 68, 91, 80, 64, 68, 91]
Char Poly 
 x^8 - 816*x^7 + 160900*x^6 - 11235776*x^5 + 302016816*x^4 - 2299901440*x^3 - 2901167424*x^2
Symmetric of Signature 
 [5, 1]

 Matrix of Cosigns
[0, 0, 0, 0, 0, 0, 0, 0]
[0, 0, 0, 0, 0, 0, 0, 0]
[0, 0, -1, 0, 0, 0, 1, 0]
[0, 0, 0, -1, 0, 0, 0, 1]
[0, 0, 0, 0, 0, 0, 0, 0]
[0, 0, 0, 0, 0, 0, 0, 0]
[0, 0, 1, 0, 0, 0, -1, 0]
[0, 0, 0, 1, 0, 0, 0, -1]
Char Poly 
 x^8 + 4*x^7 + 4*x^6
Symmetric of Signature 
 [0, 2]

 Matrix of Cos(A,B) - 2 Rad(A)Rad(B)
[0, 0, 0, 0, 0, 0, 0, 0]
[0, 0, 0, 0, 0, 0, 0, 0]
[0, 0, -1, 0, 0, 0, 1, 0]
[0, 0, 0, -1, 0, 0, 0, 1]
[0, 0, 0, 0, 0, 0, 0, 0]
[0, 0, 0, 0, 0, 0, 0, 0]
[0, 0, 1, 0, 0, 0, -1, 0]
[0, 0, 0, 1, 0, 0, 0, -1]
Char Poly 
 x^8 + 4*x^7 + 4*x^6
Symmetric of Signature 
 [0, 2]


 Discriminant = 19240 	 PrimeFacto=[2, 3; 5, 1; 13, 1; 37, 1]

 Matrix of Linking
[159, 87, 41, 38, 68, 50, 36, 37, 52, 52, 38, 38, 31, 50, 39, 38]
[87, 95, 47, 42, 72, 52, 38, 38, 56, 60, 38, 38, 32, 52, 46, 42]
[41, 47, 59, 44, 46, 51, 47, 44, 57, 51, 40, 42, 46, 53, 47, 44]
[38, 42, 44, 55, 45, 48, 50, 52, 47, 46, 58, 56, 45, 48, 50, 52]
[68, 72, 46, 45, 87, 60, 33, 31, 70, 74, 46, 46, 24, 60, 55, 57]
[50, 52, 51, 48, 60, 67, 41, 40, 75, 70, 46, 47, 32, 69, 56, 56]
[36, 38, 47, 50, 33, 41, 63, 62, 31, 33, 49, 51, 55, 42, 44, 44]
[37, 38, 44, 52, 31, 40, 62, 71, 25, 28, 55, 54, 57, 40, 44, 40]
[52, 56, 57, 47, 70, 75, 31, 25, 121, 87, 37, 38, 19, 75, 67, 61]
[52, 60, 51, 46, 74, 70, 33, 28, 87, 91, 40, 43, 20, 70, 64, 67]
[38, 38, 40, 58, 46, 46, 49, 55, 37, 40, 71, 66, 46, 46, 49, 55]
[38, 38, 42, 56, 46, 47, 51, 54, 38, 43, 66, 61, 46, 46, 51, 54]
[31, 32, 46, 45, 24, 32, 55, 57, 19, 20, 46, 46, 87, 32, 33, 31]
[50, 52, 53, 48, 60, 69, 42, 40, 75, 70, 46, 46, 32, 67, 56, 56]
[39, 46, 47, 50, 55, 56, 44, 44, 67, 64, 49, 51, 33, 56, 63, 62]
[38, 42, 44, 52, 57, 56, 44, 40, 61, 67, 55, 54, 31, 56, 62, 71]
Char Poly 
 x^16 - 1288*x^15 + 470944*x^14 - 77697976*x^13 + 6792694210*x^12 - 345587897742*x^11 + 10788982316360*x^10 - 211546255324230*x^9 + 2591474955563439*x^8 - 18926080893119416*x^7 + 70315639967116199*x^6 - 33464229715739852*x^5 - 632205787144336914*x^4 + 1672622993240445468*x^3 - 255571989919005779*x^2 - 2806642848736506876*x + 1928221772097792764
Symmetric of Signature 
 [14, 2]

 Matrix of (half)Intersections
[182, 118, 82, 76, 99, 80, 75, 75, 79, 83, 76, 76, 99, 80, 75, 75]
[118, 128, 94, 84, 104, 90, 84, 80, 95, 95, 76, 76, 104, 90, 84, 80]
[82, 94, 118, 88, 92, 102, 94, 88, 114, 102, 80, 84, 92, 106, 94, 88]
[76, 84, 88, 110, 90, 96, 100, 104, 94, 92, 116, 112, 90, 96, 100, 104]
[99, 104, 92, 90, 111, 92, 88, 88, 89, 94, 92, 92, 111, 92, 88, 88]
[80, 90, 102, 96, 92, 102, 97, 96, 102, 101, 92, 94, 92, 104, 97, 96]
[75, 84, 94, 100, 88, 97, 107, 106, 98, 97, 98, 102, 88, 98, 107, 106]
[75, 80, 88, 104, 88, 96, 106, 111, 86, 95, 110, 108, 88, 96, 106, 111]
[79, 95, 114, 94, 89, 102, 98, 86, 136, 103, 74, 76, 89, 102, 98, 86]
[83, 95, 102, 92, 94, 101, 97, 95, 103, 107, 80, 86, 94, 101, 97, 95]
[76, 76, 80, 116, 92, 92, 98, 110, 74, 80, 142, 132, 92, 92, 98, 110]
[76, 76, 84, 112, 92, 94, 102, 108, 76, 86, 132, 122, 92, 92, 102, 108]
[99, 104, 92, 90, 111, 92, 88, 88, 89, 94, 92, 92, 111, 92, 88, 88]
[80, 90, 106, 96, 92, 104, 98, 96, 102, 101, 92, 92, 92, 102, 98, 96]
[75, 84, 94, 100, 88, 97, 107, 106, 98, 97, 98, 102, 88, 98, 107, 106]
[75, 80, 88, 104, 88, 96, 106, 111, 86, 95, 110, 108, 88, 96, 106, 111]
Char Poly 
 x^16 - 1907*x^15 + 632579*x^14 - 82562452*x^13 + 5065502752*x^12 - 157824452034*x^11 + 2459621647432*x^10 - 15422220291932*x^9 - 25980096942088*x^8 + 660249989071600*x^7 - 1707855418326176*x^6 - 1269854086085120*x^5 + 6199018966887168*x^4 - 1625782045508096*x^3
Symmetric of Signature 
 [11, 2]

 Matrix of Cosigns
[136, 56, 0, 0, 37, 20, -3, -1, 25, 21, 0, 0, -37, 20, 3, 1]
[56, 62, 0, 0, 40, 14, -8, -4, 17, 25, 0, 0, -40, 14, 8, 4]
[0, 0, 0, 0, 0, 0, 0, 0, 0, 0, 0, 0, 0, 0, 0, 0]
[0, 0, 0, 0, 0, 0, 0, 0, 0, 0, 0, 0, 0, 0, 0, 0]
[37, 40, 0, 0, 63, 28, -22, -26, 51, 54, 0, 0, -63, 28, 22, 26]
[20, 14, 0, 0, 28, 32, -15, -16, 48, 39, 0, 0, -28, 34, 15, 16]
[-3, -8, 0, 0, -22, -15, 19, 18, -36, -31, 0, 0, 22, -14, -19, -18]
[-1, -4, 0, 0, -26, -16, 18, 31, -36, -39, 0, 0, 26, -16, -18, -31]
[25, 17, 0, 0, 51, 48, -36, -36, 106, 71, 0, 0, -51, 48, 36, 36]
[21, 25, 0, 0, 54, 39, -31, -39, 71, 75, 0, 0, -54, 39, 31, 39]
[0, 0, 0, 0, 0, 0, 0, 0, 0, 0, 0, 0, 0, 0, 0, 0]
[0, 0, 0, 0, 0, 0, 0, 0, 0, 0, 0, 0, 0, 0, 0, 0]
[-37, -40, 0, 0, -63, -28, 22, 26, -51, -54, 0, 0, 63, -28, -22, -26]
[20, 14, 0, 0, 28, 34, -14, -16, 48, 39, 0, 0, -28, 32, 14, 16]
[3, 8, 0, 0, 22, 15, -19, -18, 36, 31, 0, 0, -22, 14, 19, 18]
[1, 4, 0, 0, 26, 16, -18, -31, 36, 39, 0, 0, -26, 16, 18, 31]
Char Poly 
 x^16 - 669*x^15 + 134181*x^14 - 10877400*x^13 + 416681804*x^12 - 7950448058*x^11 + 72511592512*x^10 - 244134376428*x^9 - 171698141120*x^8 + 1561539861520*x^7
Symmetric of Signature 
 [8, 1]

 Matrix of Cos(A,B) - 2 Rad(A)Rad(B)
[-34712, -15784, 0, 0, -12635, -6316, 3165, 3167, -9479, -9483, 0, 0, 12635, -6316, -3165, -3167]
[-15784, -7138, 0, 0, -5720, -2866, 1432, 1436, -4303, -4295, 0, 0, 5720, -2866, -1432, -1436]
[0, 0, 0, 0, 0, 0, 0, 0, 0, 0, 0, 0, 0, 0, 0, 0]
[0, 0, 0, 0, 0, 0, 0, 0, 0, 0, 0, 0, 0, 0, 0, 0]
[-12635, -5720, 0, 0, -4545, -2276, 1130, 1126, -3405, -3402, 0, 0, 4545, -2276, -1130, -1126]
[-6316, -2866, 0, 0, -2276, -1120, 561, 560, -1680, -1689, 0, 0, 2276, -1118, -561, -560]
[3165, 1432, 0, 0, 1130, 561, -269, -270, 828, 833, 0, 0, -1130, 562, 269, 270]
[3167, 1436, 0, 0, 1126, 560, -270, -257, 828, 825, 0, 0, -1126, 560, 270, 257]
[-9479, -4303, 0, 0, -3405, -1680, 828, 828, -2486, -2521, 0, 0, 3405, -1680, -828, -828]
[-9483, -4295, 0, 0, -3402, -1689, 833, 825, -2521, -2517, 0, 0, 3402, -1689, -833, -825]
[0, 0, 0, 0, 0, 0, 0, 0, 0, 0, 0, 0, 0, 0, 0, 0]
[0, 0, 0, 0, 0, 0, 0, 0, 0, 0, 0, 0, 0, 0, 0, 0]
[12635, 5720, 0, 0, 4545, 2276, -1130, -1126, 3405, 3402, 0, 0, -4545, 2276, 1130, 1126]
[-6316, -2866, 0, 0, -2276, -1118, 562, 560, -1680, -1689, 0, 0, 2276, -1120, -562, -560]
[-3165, -1432, 0, 0, -1130, -561, 269, 270, -828, -833, 0, 0, 1130, -562, -269, -270]
[-3167, -1436, 0, 0, -1126, -560, 270, 257, -828, -825, 0, 0, 1126, -560, -270, -257]
Char Poly 
 x^16 + 59235*x^15 - 22267323*x^14 + 2266559208*x^13 - 97262780596*x^12 + 1980094527814*x^11 - 18813918954560*x^10 + 65392218644244*x^9 + 42276105951808*x^8 - 416529119572976*x^7
Symmetric of Signature 
 [7, 2]


 Discriminant = 51976 	 PrimeFacto=[2, 3; 73, 1; 89, 1]

 Matrix of Linking
[563, 46, 0, 0]
[46, 77, 0, 0]
[0, 0, 0, 0]
[0, 0, 0, 0]
Char Poly 
 x^4 - 640*x^3 + 41235*x^2
Symmetric of Signature 
 [2, 0]

 Matrix of (half)Intersections
[567, 92, 0, 0]
[92, 154, 0, 0]
[0, 0, 0, 0]
[0, 0, 0, 0]
Char Poly 
 x^4 - 721*x^3 + 78854*x^2
Symmetric of Signature 
 [2, 0]

 Matrix of Cosigns
[559, 0, 0, 0]
[0, 0, 0, 0]
[0, 0, 0, 0]
[0, 0, 0, 0]
Char Poly 
 x^4 - 559*x^3
Symmetric of Signature 
 [1, 0]

 Matrix of Cos(A,B) - 2 Rad(A)Rad(B)
[-225233, 0, 0, 0]
[0, 0, 0, 0]
[0, 0, 0, 0]
[0, 0, 0, 0]
Char Poly 
 x^4 + 225233*x^3
Symmetric of Signature 
 [0, 1]

